A =  105
B =  9832.5
C =  7 + 5i
D =  4 - 2i
E =  3 + 7i

aVec = [5.3 3.4 6 23]
bVec = [100 6 5.3 3.5]
cVec = [5 4.5 4 3.5 3 2.5 2 1.5 1 0.5 0 -0.5 -1 -1.5 -2 -2.5 -3 -3.5 -4 -4.5 -5]
dVec = "University of Colombo School of Computing"


